9 5 10 15 16 2 1 3 6 18 14 8 4 25 19 12 #UTIL: 5769
9 10 7 15 16 6 2 1 3 18 8 4 25 19 14 12 #UTIL: 5769
17 5 7 3 8 14 1 6 18 2 16 4 25 19 12 #UTIL: 5887
5 7 3 16 2 14 1 6 18 8 4 25 19 12 #UTIL: 5851
5 10 14 16 2 3 1 6 18 8 4 25 19 12 #UTIL: 5786
5 11 14 3 16 2 1 6 18 8 4 25 19 12 #UTIL: 5773
9 5 10 7 15 16 2 1 3 6 18 8 4 25 19 14 12 #UTIL: 5794
5 24 14 3 16 2 1 6 18 8 4 25 19 12 #UTIL: 5780
5 10 7 16 2 3 1 6 18 8 14 4 25 19 12 #UTIL: 5852
17 10 5 7 8 3 1 6 18 2 16 14 4 25 19 12 #UTIL: 5861
5 7 11 3 16 2 14 1 6 18 8 4 25 19 12 #UTIL: 5835
17 5 11 7 3 8 14 1 6 18 2 16 4 25 19 12 #UTIL: 5848
5 10 11 14 16 2 3 1 6 18 8 4 25 19 12 #UTIL: 5769
5 24 7 3 16 2 14 1 6 18 8 4 25 19 12 #UTIL: 5831
17 24 5 7 3 8 14 1 6 18 2 16 4 25 19 12 #UTIL: 5830
5 24 10 14 16 2 3 1 6 18 8 4 25 19 12 #UTIL: 5777
5 10 7 11 16 2 3 1 6 18 8 14 4 25 19 12 #UTIL: 5809
17 10 5 11 7 8 3 1 6 18 2 16 14 4 25 19 12 #UTIL: 5795
5 24 10 7 16 2 3 1 6 18 8 14 4 25 19 12 #UTIL: 5806
17 24 10 5 7 8 3 1 6 18 2 16 14 4 25 19 12 #UTIL: 5778
5 24 7 11 3 16 2 14 1 6 18 8 4 25 19 12 #UTIL: 5784
