22 1 23 20 3 4 5 6 7 8 9 10 11 14 17 18 21 26  #SUP: 2 #UTIL: 925
15 12 23 25 20 4 5 6 7 8 9 10 11 14 17 18 21 26 13 1  #SUP: 2 #UTIL: 995
15 12 23 25 20 4 5 6 7 8 9 10 11 14 17 18 21 26 3  #SUP: 2 #UTIL: 986
16 25 20 4 5 6 7 8 9 10 11 14 17 18 21 26 24 13 1  #SUP: 2 #UTIL: 856
16 25 20 4 5 6 7 8 9 10 11 14 17 18 21 26 13 12 23  #SUP: 2 #UTIL: 931
16 25 20 4 5 6 7 8 9 10 11 14 17 18 21 26 13 1 23  #SUP: 2 #UTIL: 1076
16 25 20 4 5 6 7 8 9 10 11 14 17 18 21 26 13 1 3  #SUP: 2 #UTIL: 1034
16 25 20 4 5 6 7 8 9 10 11 14 17 18 21 26 13 23 3  #SUP: 2 #UTIL: 1111
16 25 20 4 5 6 7 8 9 10 11 14 17 18 21 26 13 3  #SUP: 3 #UTIL: 1508
16 25 20 4 5 6 7 8 9 10 11 14 17 18 21 26 1 23 3  #SUP: 2 #UTIL: 1121
16 25 20 4 5 6 7 8 9 10 11 14 17 18 21 26 1 3  #SUP: 3 #UTIL: 1515
16 25 20 4 5 6 7 8 9 10 11 14 17 18 21 26 23 3  #SUP: 3 #UTIL: 1594
16 25 20 4 5 6 7 8 9 10 11 14 17 18 21 26 3  #SUP: 4 #UTIL: 1986
19 3 4 5 6 7 8 9 10 11 14 17 18 21 26 24 13 1 20  #SUP: 2 #UTIL: 859
19 3 4 5 6 7 8 9 10 11 14 17 18 21 26 13 20 12 25 1  #SUP: 2 #UTIL: 975
19 3 4 5 6 7 8 9 10 11 14 17 18 21 26 13 20 12 25 23  #SUP: 2 #UTIL: 1018
19 3 4 5 6 7 8 9 10 11 14 17 18 21 26 13 20 1 23 25  #SUP: 3 #UTIL: 1722
19 3 4 5 6 7 8 9 10 11 14 17 18 21 26 13 20 1 25  #SUP: 4 #UTIL: 2125
19 3 4 5 6 7 8 9 10 11 14 17 18 21 26 13 20 23 25  #SUP: 5 #UTIL: 2668
19 3 4 5 6 7 8 9 10 11 14 17 18 21 26 13 20 25  #SUP: 6 #UTIL: 3067
19 3 4 5 6 7 8 9 10 11 14 17 18 21 26 12 25 1 20 23  #SUP: 2 #UTIL: 1010
19 3 4 5 6 7 8 9 10 11 14 17 18 21 26 12 25 23 20  #SUP: 3 #UTIL: 1460
19 3 4 5 6 7 8 9 10 11 14 17 18 21 26 12 25 20  #SUP: 4 #UTIL: 1865
19 3 4 5 6 7 8 9 10 11 14 17 18 21 26 1 20 23 25  #SUP: 4 #UTIL: 2161
19 3 4 5 6 7 8 9 10 11 14 17 18 21 26 1 20 25  #SUP: 5 #UTIL: 2561
19 3 4 5 6 7 8 9 10 11 14 17 18 21 26 23 25 20  #SUP: 6 #UTIL: 3103
19 3 4 5 6 7 8 9 10 11 14 17 18 21 26 23 20  #SUP: 7 #UTIL: 3526
19 3 4 5 6 7 8 9 10 11 14 17 18 21 26 25 20  #SUP: 7 #UTIL: 3499
19 3 4 5 6 7 8 9 10 11 14 17 18 21 26 20  #SUP: 8 #UTIL: 3917
24 4 5 6 7 8 9 10 11 14 17 18 21 26 13 12 1 25 23 20 3  #SUP: 8 #UTIL: 3896
24 4 5 6 7 8 9 10 11 14 17 18 21 26 13 12 1 25 23 3  #SUP: 9 #UTIL: 4377
24 4 5 6 7 8 9 10 11 14 17 18 21 26 13 12 1 25 20 3  #SUP: 10 #UTIL: 4787
24 4 5 6 7 8 9 10 11 14 17 18 21 26 13 12 1 25 3  #SUP: 11 #UTIL: 5261
24 4 5 6 7 8 9 10 11 14 17 18 21 26 13 12 23 25 20 3  #SUP: 10 #UTIL: 4854
24 4 5 6 7 8 9 10 11 14 17 18 21 26 13 12 23 25 3  #SUP: 11 #UTIL: 5325
24 4 5 6 7 8 9 10 11 14 17 18 21 26 13 12 23 20 3  #SUP: 11 #UTIL: 5259
24 4 5 6 7 8 9 10 11 14 17 18 21 26 13 12 23 3  #SUP: 12 #UTIL: 5721
24 4 5 6 7 8 9 10 11 14 17 18 21 26 13 12 25 20 3  #SUP: 12 #UTIL: 5734
24 4 5 6 7 8 9 10 11 14 17 18 21 26 13 12 25 3  #SUP: 13 #UTIL: 6198
24 4 5 6 7 8 9 10 11 14 17 18 21 26 13 12 20 3  #SUP: 13 #UTIL: 6133
24 4 5 6 7 8 9 10 11 14 17 18 21 26 13 12 3  #SUP: 14 #UTIL: 6588
24 4 5 6 7 8 9 10 11 14 17 18 21 26 13 1 23 25 20 3  #SUP: 10 #UTIL: 4937
24 4 5 6 7 8 9 10 11 14 17 18 21 26 13 1 23 25 3  #SUP: 11 #UTIL: 5412
24 4 5 6 7 8 9 10 11 14 17 18 21 26 13 1 23 20 3  #SUP: 12 #UTIL: 5896
24 4 5 6 7 8 9 10 11 14 17 18 21 26 13 1 23 3  #SUP: 13 #UTIL: 6358
24 4 5 6 7 8 9 10 11 14 17 18 21 26 13 1 25 20 3  #SUP: 13 #UTIL: 6224
24 4 5 6 7 8 9 10 11 14 17 18 21 26 13 1 25 3  #SUP: 14 #UTIL: 6689
24 4 5 6 7 8 9 10 11 14 17 18 21 26 13 23 25 20 3  #SUP: 12 #UTIL: 5889
24 4 5 6 7 8 9 10 11 14 17 18 21 26 13 23 25 3  #SUP: 13 #UTIL: 6354
24 4 5 6 7 8 9 10 11 14 17 18 21 26 13 23 20 3  #SUP: 15 #UTIL: 7267
24 4 5 6 7 8 9 10 11 14 17 18 21 26 13 23 3  #SUP: 16 #UTIL: 7713
24 4 5 6 7 8 9 10 11 14 17 18 21 26 13 25 20 3  #SUP: 15 #UTIL: 7164
24 4 5 6 7 8 9 10 11 14 17 18 21 26 13 25 3  #SUP: 16 #UTIL: 7619
24 4 5 6 7 8 9 10 11 14 17 18 21 26 12 1 23 25 20 3  #SUP: 9 #UTIL: 4314
24 4 5 6 7 8 9 10 11 14 17 18 21 26 12 1 23 25 3  #SUP: 10 #UTIL: 4788
24 4 5 6 7 8 9 10 11 14 17 18 21 26 12 1 25 20 3  #SUP: 11 #UTIL: 5198
24 4 5 6 7 8 9 10 11 14 17 18 21 26 12 1 25 3  #SUP: 12 #UTIL: 5665
24 4 5 6 7 8 9 10 11 14 17 18 21 26 12 1 20  #SUP: 13 #UTIL: 5964
24 4 5 6 7 8 9 10 11 14 17 18 21 26 12 23 25 20 3  #SUP: 14 #UTIL: 6793
24 4 5 6 7 8 9 10 11 14 17 18 21 26 12 23 25 3  #SUP: 15 #UTIL: 7246
24 4 5 6 7 8 9 10 11 14 17 18 21 26 12 23 20 3  #SUP: 15 #UTIL: 7188
24 4 5 6 7 8 9 10 11 14 17 18 21 26 12 23 3  #SUP: 16 #UTIL: 7632
24 4 5 6 7 8 9 10 11 14 17 18 21 26 12 25 20 3  #SUP: 16 #UTIL: 7660
24 4 5 6 7 8 9 10 11 14 17 18 21 26 12 25 3  #SUP: 17 #UTIL: 8106
24 4 5 6 7 8 9 10 11 14 17 18 21 26 12 20 3  #SUP: 17 #UTIL: 8049
24 4 5 6 7 8 9 10 11 14 17 18 21 26 12 3  #SUP: 18 #UTIL: 8486
24 4 5 6 7 8 9 10 11 14 17 18 21 26 1 23 25 20 3  #SUP: 12 #UTIL: 5770
24 4 5 6 7 8 9 10 11 14 17 18 21 26 1 23 25 3  #SUP: 13 #UTIL: 6237
24 4 5 6 7 8 9 10 11 14 17 18 21 26 1 23 20 3  #SUP: 14 #UTIL: 6722
24 4 5 6 7 8 9 10 11 14 17 18 21 26 1 23 3  #SUP: 15 #UTIL: 7176
24 4 5 6 7 8 9 10 11 14 17 18 21 26 1 25 20 3  #SUP: 15 #UTIL: 7044
24 4 5 6 7 8 9 10 11 14 17 18 21 26 1 25 3  #SUP: 16 #UTIL: 7501
24 4 5 6 7 8 9 10 11 14 17 18 21 26 23 25 20 3  #SUP: 17 #UTIL: 8227
24 4 5 6 7 8 9 10 11 14 17 18 21 26 23 25 3  #SUP: 19 #UTIL: 9155
24 4 5 6 7 8 9 10 11 14 17 18 21 26 23 20 3  #SUP: 20 #UTIL: 9589
24 4 5 6 7 8 9 10 11 14 17 18 21 26 23 3  #SUP: 22 #UTIL: 10495
24 4 5 6 7 8 9 10 11 14 17 18 21 26 25 20 3  #SUP: 20 #UTIL: 9483
24 4 5 6 7 8 9 10 11 14 17 18 21 26 25 3  #SUP: 22 #UTIL: 10399
