1 3 4 5 6 7 8 9 10 11 13 14 16 17 18 19 20 21 23 25 26:687:2 18 11 20 25 21 72 22 27 135 1 71 1 93 63 2 16 12 4 6 65
1 3 4 5 6 7 8 9 10 11 12 14 17 18 20 21 23 24 25 26:443:1 2 14 12 19 16 76 23 26 65 1 52 39 30 2 20 3 1 1 40
1 3 4 5 6 7 8 9 10 11 12 14 17 18 20 21 23 25 26:504:2 3 20 17 15 15 66 30 18 92 1 58 72 31 2 24 2 4 32
1 3 4 5 6 7 8 9 10 11 12 13 14 17 18 20 21 23 25 26:513:3 5 13 11 19 18 84 23 39 65 1 5 87 52 30 6 14 2 1 35
1 3 4 5 6 7 8 9 10 11 12 13 14 17 18 20 21 23 25 26:533:1 1 22 10 10 21 90 29 40 69 1 1 87 62 27 3 21 1 8 29
1 3 4 5 6 7 8 9 10 11 12 13 14 17 18 20 21 25 26:474:3 3 19 21 16 11 74 22 39 50 1 4 88 45 16 2 22 2 36
1 3 4 5 6 7 8 9 10 11 12 13 14 17 18 19 20 21 23 25 26:571:1 3 31 16 8 15 114 27 33 79 2 2 81 49 33 2 5 17 3 4 46
1 3 4 5 6 7 8 9 10 11 13 14 17 18 20 21 23 24 25 26:580:1 2 26 17 16 24 108 32 54 69 4 75 72 21 2 20 2 1 3 31
1 3 4 5 6 7 8 9 10 11 12 13 14 17 18 20 21 24 25 26:491:5 3 19 16 23 13 73 30 42 79 3 3 28 58 28 3 24 2 2 37
3 4 5 6 7 8 9 10 11 12 14 17 18 20 21 23 25 26:548:4 23 20 28 14 79 25 30 71 2 83 69 37 1 17 2 4 39
1 3 4 5 6 7 8 9 10 11 12 13 14 15 17 18 20 21 23 25 26:479:1 1 32 17 5 15 80 29 50 65 1 4 79 1 41 18 1 16 1 2 20
1 3 4 5 6 7 8 9 10 11 13 14 17 18 20 21 23 25 26:558:1 5 35 16 8 13 100 29 35 73 3 96 65 20 3 18 2 4 32
1 3 4 5 6 7 8 9 10 11 13 14 17 18 20 21 23 25 26:508:1 7 24 12 10 17 81 25 37 70 3 88 59 20 2 10 2 2 38
1 4 5 6 7 8 9 10 11 12 13 14 15 17 18 20 21 23 25 26:520:2 27 12 12 16 96 26 30 57 2 3 92 1 62 17 7 12 1 4 41
1 3 4 5 6 7 8 9 10 11 12 14 17 18 20 21 23 25 26:580:2 3 30 19 14 22 103 22 49 76 1 97 57 14 5 18 4 2 42
1 3 4 5 6 7 8 9 10 11 12 14 17 18 20 21 23 25 26:484:1 1 31 22 17 18 72 29 27 91 1 25 70 24 3 11 2 1 38
1 3 4 5 6 7 8 9 10 11 12 14 17 18 20 21 23 25 26:528:3 5 26 20 30 12 88 38 35 75 1 69 60 25 1 7 1 1 31
1 3 4 5 6 7 8 9 10 11 13 14 17 18 20 21 23 25 26:466:1 4 31 12 16 17 82 35 30 55 2 34 69 16 4 12 1 3 42
1 3 4 5 6 7 8 9 10 11 12 13 14 17 18 20 21 23 25 26:517:1 5 32 11 13 11 88 27 46 81 1 3 61 56 16 5 16 2 3 39
2 3 4 5 6 7 8 9 10 11 12 13 14 17 18 20 21 23 25 26:525:1 6 24 12 8 18 90 33 25 71 3 3 120 52 18 3 12 1 1 24
1 3 4 5 6 7 8 9 10 11 12 14 17 18 20 21 23 25 26:581:2 1 42 9 17 24 95 23 34 78 4 136 42 20 5 10 4 1 34
1 3 4 5 6 7 8 9 10 11 12 13 14 17 18 21 23 24 25 26:511:4 2 15 12 19 14 73 29 36 65 2 5 106 53 18 13 2 1 3 39
1 3 4 5 6 7 8 9 10 11 12 13 14 17 18 20 21 23 25 26:519:2 3 24 15 24 21 91 24 42 104 4 1 32 54 36 2 10 5 2 23
1 3 4 5 6 7 8 9 10 11 12 13 14 17 18 20 21 23 25 26:500:3 4 21 17 24 13 83 28 42 81 3 2 34 65 31 2 15 1 1 30
1 3 4 5 6 7 8 9 10 11 14 17 18 20 21 25 26:530:1 4 18 16 22 21 74 37 43 67 103 51 14 7 11 1 40
4 5 6 7 8 9 10 11 12 13 14 17 18 20 21 25 26:429:15 11 12 16 67 18 37 64 1 4 76 50 11 1 22 2 22
1 3 4 5 6 7 8 9 10 11 12 13 14 17 18 20 21 23 26:509:1 2 17 23 10 8 94 22 42 58 1 3 116 41 15 2 25 1 28
1 3 4 5 6 7 8 9 10 11 12 13 14 17 18 20 21 23 25 26:468:2 2 27 11 16 9 80 20 33 53 1 4 96 42 15 8 24 1 2 22
1 3 4 5 6 7 8 9 10 11 13 14 17 18 20 21 23 25 26:483:2 2 25 11 24 7 78 17 38 84 2 89 28 22 2 21 3 2 26
1 3 4 5 6 7 8 9 10 11 13 14 17 18 20 21 25 26:457:2 1 22 16 19 15 85 18 34 84 3 37 47 23 3 13 1 34
1 3 4 5 6 7 8 9 10 11 12 13 14 17 18 20 21 23 25 26:328:2 1 13 14 16 9 52 8 48 69 1 1 22 31 5 4 1 1 2 28
3 4 5 6 7 8 9 10 11 13 14 17 18 20 21 23 25 26:521:4 13 13 13 14 75 18 55 76 4 102 43 17 11 17 2 2 42
1 3 4 5 6 7 8 9 10 11 12 13 14 17 18 20 21 23 24 25 26:496:2 1 16 15 18 7 80 16 41 82 1 2 76 51 19 4 22 1 1 2 39
1 3 4 5 6 7 8 9 10 11 13 14 17 18 20 21 23 24 25 26:489:1 4 21 13 14 14 69 24 42 62 1 63 50 22 2 35 1 1 3 47
3 4 5 6 7 8 9 10 11 12 13 14 17 18 21 23 25 26:423:3 21 16 19 13 72 20 46 63 2 2 50 33 16 17 2 3 25
1 3 4 5 6 7 8 9 10 11 13 14 17 18 19 20 21 23 24 26:463:2 2 13 11 11 11 75 34 38 73 1 54 48 21 3 7 18 2 2 37
1 3 4 5 6 7 8 9 10 11 12 13 14 17 18 20 21 25 26:395:1 6 18 11 21 6 63 19 24 87 1 1 29 40 14 4 15 2 33
1 4 5 6 7 8 9 10 11 12 14 17 18 20 21 24 26:379:2 9 17 21 8 62 21 38 80 1 41 42 12 2 5 1 17
1 3 4 5 6 7 8 9 10 11 14 17 18 20 21 23 25 26:403:3 4 17 15 9 9 66 28 34 62 49 41 12 5 12 3 2 32
1 3 4 5 6 7 8 9 10 11 12 13 14 17 18 19 20 21 24 25 26:424:1 1 32 15 8 15 74 26 44 57 1 1 30 50 14 1 2 15 2 3 32
1 3 4 5 6 7 8 9 10 11 12 13 14 17 18 21 23 25 26:413:2 4 14 10 11 16 69 18 38 60 2 1 51 44 18 21 1 1 32
3 4 5 6 7 8 9 10 11 13 14 17 18 20 21 23 25 26:423:1 16 15 16 15 80 29 32 72 3 46 43 13 3 17 2 1 19
1 4 5 6 7 8 9 10 11 12 13 14 16 17 18 20 21 23 24 25 26:467:1 21 9 11 9 95 23 43 65 1 1 53 1 54 17 3 23 1 1 2 33
1 3 4 5 6 7 8 9 10 11 13 14 16 17 18 20 21 24 25 26:410:1 5 20 17 14 11 69 24 40 72 4 22 1 52 11 3 12 1 1 30
1 3 4 5 6 7 8 9 10 11 14 17 18 20 21 23 25 26:398:2 6 10 11 8 11 60 26 32 89 44 37 14 5 11 1 1 30
1 3 4 5 6 7 8 9 10 11 12 13 14 17 18 20 21 23 26:329:1 5 15 11 16 5 37 17 34 65 1 1 34 42 8 1 6 1 29
1 3 4 5 6 7 8 9 10 11 13 14 17 18 20 21 23 25 26:357:2 4 19 14 15 6 44 12 47 60 1 41 32 5 3 17 2 2 31
1 3 4 5 6 7 8 9 10 11 12 13 14 17 18 20 21 26:420:1 6 23 15 9 11 64 22 46 59 2 1 68 35 16 1 16 25
1 3 4 5 6 7 8 9 10 11 13 14 17 18 20 21 23 24 25 26:419:2 4 12 16 12 15 61 23 47 60 3 47 51 13 3 14 2 1 1 32
3 4 5 6 7 8 9 10 11 12 13 14 17 18 20 21 23 24 25 26:468:6 13 21 15 9 88 22 35 76 2 2 47 55 24 3 19 3 2 1 25
1 3 4 5 6 7 8 9 10 11 12 13 14 17 18 20 21 23 24 25 26:455:2 10 17 13 17 8 76 24 44 76 1 2 32 59 13 3 18 1 2 3 34
1 3 4 5 6 7 8 9 10 11 12 14 17 18 19 20 21 23 25 26:456:1 2 18 21 17 5 67 15 37 83 2 44 71 23 3 2 11 2 4 28
1 2 3 4 5 6 7 8 9 10 11 13 14 17 18 20 21 25 26:488:1 1 4 14 17 12 19 87 28 39 72 2 64 62 14 2 23 1 26
3 4 5 6 7 8 9 10 11 12 13 14 17 18 20 21 23 24 25 26:536:3 19 23 19 15 99 24 39 77 2 3 58 68 21 2 23 2 1 1 37
1 3 4 5 6 7 8 9 10 11 12 13 14 17 18 20 21 23 25 26:508:1 4 20 16 11 21 86 25 43 76 1 3 59 61 23 6 20 1 2 29
1 3 4 5 6 7 8 9 10 11 13 14 17 18 20 21 23 25 26:512:1 4 18 16 15 16 91 14 50 84 3 57 57 22 2 21 3 1 37
1 3 4 5 6 7 8 9 10 11 13 14 17 18 20 21 23 24 26:555:1 3 16 25 14 21 87 29 49 76 2 66 71 23 4 20 5 1 42
1 3 4 5 6 7 8 9 10 11 12 13 14 17 18 20 21 23 24 25 26:559:1 2 18 18 21 12 91 25 40 97 1 2 51 85 28 7 22 2 1 2 33
1 3 4 5 6 7 8 9 10 11 12 13 14 17 18 20 21 23 24 25 26:558:5 9 14 21 24 29 80 23 43 92 2 10 44 67 29 4 17 2 1 3 39
1 3 4 5 6 7 8 9 10 11 12 13 14 17 18 20 21 23 25 26:574:1 7 19 11 7 17 90 30 40 72 1 1 111 58 21 11 21 1 7 48
1 3 4 5 6 7 8 9 10 11 12 13 14 17 18 20 21 25 26:497:1 7 14 18 15 15 96 25 39 66 1 5 63 48 17 2 17 4 44
3 4 5 6 7 8 9 10 11 12 13 14 17 18 20 21 23 25 26:539:4 19 19 16 11 103 18 46 87 1 2 61 51 23 4 25 2 1 46
1 3 4 5 6 7 8 9 10 11 12 13 14 17 18 20 21 23 25 26:515:1 5 16 10 17 12 101 39 33 70 2 4 60 59 21 2 25 1 5 32
3 4 5 6 7 8 9 10 11 13 14 17 18 19 20 21 23 24 25 26:513:6 17 10 15 18 103 28 33 71 1 59 58 19 1 3 23 2 2 3 41
1 3 4 5 6 7 8 9 10 11 12 13 14 17 18 20 21 23 24 25 26:515:2 3 22 26 11 10 86 23 53 117 1 1 23 58 23 4 15 1 1 3 32
1 3 4 5 6 7 8 9 10 11 12 14 17 18 20 21 23 25 26:487:1 9 17 15 25 12 58 29 36 102 1 36 62 28 2 13 2 2 37
1 3 4 5 6 7 8 9 10 11 12 13 14 17 18 20 21 23 25 26:529:4 7 15 18 18 13 93 27 40 91 1 2 41 58 35 7 17 1 2 39
3 4 5 6 7 8 9 10 11 12 13 14 17 18 20 21 23 24 25 26:579:5 20 23 33 13 89 24 38 83 5 2 54 70 41 1 31 1 1 2 43
1 3 4 5 6 7 8 9 10 11 13 14 17 18 19 20 21 23 25 26:539:4 3 16 16 26 15 82 29 50 84 3 43 72 30 2 1 29 2 1 31
3 4 5 6 7 8 9 10 11 12 13 14 17 18 19 20 21 23 25 26:485:4 17 15 24 7 88 21 37 66 2 2 54 47 27 2 4 30 1 4 33
1 3 4 5 6 7 8 9 10 11 12 13 14 17 18 20 21 22 23 26:521:1 9 12 18 19 10 103 17 45 78 1 6 37 66 23 5 23 1 3 44
1 3 4 5 6 7 8 9 10 11 14 16 17 18 20 21 23 25 26:497:1 6 12 16 25 14 82 18 35 98 26 1 73 33 4 17 2 4 30
1 3 4 5 6 7 8 9 10 11 12 13 14 17 18 20 21 23 24 25 26:453:4 5 19 20 20 11 62 28 29 80 1 1 21 75 26 2 10 1 1 1 36
1 3 4 5 6 7 8 9 10 11 12 14 17 18 20 21 25 26:477:1 1 17 11 19 9 71 19 42 67 3 73 59 19 4 21 2 39
3 4 5 6 7 8 9 10 11 12 14 17 18 19 21 23 25 26:465:1 12 15 15 4 77 24 45 76 1 65 48 14 1 22 2 3 40
3 4 5 6 7 8 9 10 11 12 13 14 16 17 18 20 21 23 25 26:502:7 12 16 22 21 74 26 50 77 2 3 50 1 51 13 4 24 1 6 42
3 4 5 6 7 8 9 10 11 12 13 14 17 18 20 21 23 24 26:438:1 17 12 16 15 73 22 42 61 2 4 45 48 21 6 18 1 1 33
1 3 4 5 6 7 8 9 10 11 12 13 14 17 18 20 21 23 24 25 26:494:1 3 14 8 25 10 95 32 45 68 1 2 51 71 22 3 14 2 1 3 23
1 3 4 5 6 7 8 9 10 11 12 14 17 18 20 21 25 26:477:1 3 13 12 24 12 86 25 33 84 1 46 57 32 3 12 3 30
1 3 4 5 6 7 8 9 10 11 12 13 14 17 18 20 21 23 25 26:538:2 4 15 22 19 16 80 23 39 104 1 2 20 80 39 3 18 4 4 43
1 3 4 5 6 7 8 9 10 11 12 13 14 17 18 20 21 23 25 26:591:3 1 12 15 27 22 101 23 47 103 1 6 55 65 28 5 21 3 3 50
1 3 4 5 6 7 8 9 10 11 12 13 14 17 18 20 21 23 25 26:472:4 2 14 15 17 8 93 29 29 65 3 2 41 64 23 5 18 1 2 37
1 3 4 5 6 7 8 9 10 11 12 13 14 17 18 20 21 23 25 26:484:2 5 18 17 23 12 93 16 52 62 1 2 48 56 20 1 20 1 1 34
1 3 4 5 6 7 8 9 10 11 12 14 17 18 20 21 23 25 26:449:1 7 19 17 17 16 87 31 25 71 1 37 48 15 2 14 3 1 37
1 3 4 5 6 7 8 9 10 11 12 13 14 15 17 18 20 21 23 26:498:3 1 23 21 22 4 83 38 47 76 1 1 39 1 59 20 1 13 5 40
3 4 5 6 7 8 9 10 11 12 14 17 18 20 21 23 24 25 26:471:5 14 14 25 13 67 28 46 98 2 20 55 38 5 9 1 1 1 29
1 3 4 5 6 7 8 9 10 11 12 13 14 17 18 20 21 23 25 26:534:4 4 11 25 23 16 83 27 48 101 4 2 28 64 29 3 22 4 2 34
3 4 5 6 7 8 9 10 11 12 13 14 17 18 20 21 23 25 26:482:4 5 20 21 10 79 25 40 95 2 1 28 67 24 2 14 3 2 40
3 4 5 6 7 8 9 10 11 12 14 17 18 20 21 23 24 25 26:508:6 13 25 11 16 105 23 30 86 5 30 67 26 4 14 3 1 2 41
1 3 4 5 6 7 8 9 10 11 12 13 14 17 18 20 21 23 24 25 26:459:3 3 18 17 16 13 86 21 45 61 1 2 32 67 24 2 10 1 1 2 34
1 3 4 5 6 7 8 9 10 11 13 14 15 17 18 20 21 23 26:570:1 11 15 13 14 17 114 22 50 69 2 56 1 78 22 6 19 4 56
3 4 5 6 7 8 9 10 11 12 13 14 17 18 20 21 23 24 25 26:493:3 26 19 23 12 107 26 35 71 1 3 23 60 23 2 12 2 1 1 43
3 4 5 6 7 8 9 10 11 12 14 15 17 18 20 21 23 25 26:531:4 16 26 33 9 91 25 47 88 4 26 1 59 46 6 13 3 1 33
1 3 4 5 6 7 8 9 10 11 12 13 14 17 18 20 21 23 25 26:532:8 5 16 22 27 12 74 21 41 117 1 1 27 62 42 2 14 3 1 36
1 3 4 5 6 7 8 9 10 11 12 13 14 17 18 20 21 23 25 26:511:3 4 10 20 18 12 84 23 43 80 3 4 39 65 32 4 13 3 3 48
1 3 4 5 6 7 8 9 10 11 12 13 14 17 18 20 21 25 26:524:4 4 11 22 23 11 89 31 45 84 4 3 39 73 30 2 10 1 38
1 3 4 5 6 7 8 9 10 11 12 13 14 17 18 20 21 23 25 26:565:2 4 13 26 25 12 114 27 46 86 2 1 36 60 26 7 23 2 4 49
1 3 4 5 6 7 8 9 10 11 12 13 14 17 18 20 21 23 26:473:1 3 18 12 13 10 90 21 44 70 2 2 42 52 23 3 20 2 45
1 3 4 5 6 7 8 9 10 11 14 17 18 20 21 23 26:522:1 3 14 16 15 19 71 21 56 91 48 63 27 2 19 2 54
3 4 5 6 7 8 9 10 11 12 14 17 18 21 23 24 25 26:506:7 14 23 17 11 85 25 42 100 1 18 66 30 20 2 2 3 40
1 3 4 5 6 7 8 9 10 11 12 14 17 18 20 21 23 25 26:470:2 5 12 14 19 19 70 21 51 95 2 19 71 26 3 10 3 1 27
1 3 4 5 6 7 8 9 10 11 12 13 14 17 18 20 21 23 25 26:522:1 3 17 22 28 19 85 21 49 73 1 3 48 68 25 3 11 3 2 40
1 3 4 5 6 7 8 9 10 11 12 14 17 18 20 21 23 25 26:509:2 1 24 13 23 15 92 16 46 91 3 34 63 26 5 13 1 3 38
1 3 4 5 6 7 8 9 10 11 13 14 17 18 20 21 22 23 25 26:461:4 7 9 12 13 11 82 22 45 78 1 37 57 17 4 15 1 1 2 43
1 3 4 5 6 7 8 9 10 11 12 13 14 17 18 20 21 23 25 26:502:1 3 11 17 14 12 98 29 56 79 3 4 35 59 29 5 11 1 2 33
1 3 4 5 6 7 8 9 10 11 13 14 16 17 18 20 21 23 25 26:514:2 3 20 15 16 13 97 20 38 83 3 39 1 82 27 4 10 2 3 36
1 3 4 5 6 7 8 9 10 11 12 13 14 17 18 20 21 25 26:511:2 6 18 14 19 12 81 19 46 111 1 3 21 84 35 2 6 2 29
1 3 4 5 6 7 8 9 10 11 14 17 18 20 21 23 24 25 26:446:4 3 14 21 25 9 74 17 40 87 18 54 29 4 10 3 2 3 29
1 3 4 5 6 7 8 9 10 11 12 13 14 17 18 20 21 23 25 26:435:1 2 15 9 15 14 86 24 34 60 2 2 36 58 23 6 8 3 3 34
3 4 5 6 7 8 9 10 11 12 13 14 17 18 20 21 25 26:432:5 15 9 12 19 93 21 39 59 1 4 44 45 15 2 10 4 35
1 3 4 5 6 7 8 9 10 11 13 14 17 18 20 21 23 25 26:445:3 1 12 17 12 20 96 26 43 64 1 37 46 21 2 9 2 3 30
1 3 4 5 6 7 8 9 10 11 12 13 14 15 17 18 20 21 23 25 26:482:1 4 20 25 20 15 89 28 50 63 1 1 24 2 62 21 6 13 1 2 34
1 4 5 6 7 8 9 10 11 12 14 17 18 20 21 23 24 25 26:503:2 9 20 15 14 92 25 25 81 2 34 74 36 1 15 3 1 3 51
3 4 5 6 7 8 9 10 11 13 14 17 18 21 23 25 26:527:7 17 24 26 10 75 28 54 108 4 16 68 25 10 1 2 52
1 3 4 5 6 7 8 9 10 11 12 14 17 18 20 21 23 25 26:493:3 5 13 18 23 12 85 28 39 96 3 17 69 26 4 9 3 3 37
1 3 4 5 6 7 8 9 10 11 12 13 14 17 18 20 21 23 25 26:524:2 4 17 33 25 21 80 26 36 76 1 2 27 81 25 1 13 1 5 48
1 3 4 5 6 7 8 9 10 11 12 13 14 17 18 20 21 23 25 26:603:3 2 13 37 28 8 117 32 52 105 1 2 35 82 26 3 10 2 7 38
3 4 5 6 7 8 9 10 11 12 13 14 17 18 20 21 23 25 26:523:1 20 21 10 18 91 26 52 90 1 5 37 52 17 2 20 2 1 57
3 4 5 6 7 8 9 10 11 12 13 14 17 18 20 21 22 23 25 26:434:5 17 17 22 13 98 22 34 80 1 2 20 41 17 7 5 1 3 1 28
1 3 4 5 6 7 8 9 10 11 13 14 17 18 20 21 23 24 25 26:587:1 5 19 26 30 19 112 23 53 80 1 46 78 28 5 11 2 2 1 45
1 3 4 5 6 7 8 9 10 11 12 13 14 17 18 20 21 23 24 25 26:664:3 9 22 30 31 21 109 32 58 106 1 1 55 78 30 8 6 6 2 7 49
1 3 4 5 6 7 8 9 10 11 12 13 14 17 18 20 21 23 25 26:615:4 5 25 28 38 15 87 23 49 129 2 4 18 91 27 7 14 2 6 41
1 3 4 5 6 7 8 9 10 11 12 13 14 17 18 20 21 23 25 26:543:1 4 22 23 19 15 98 26 58 100 1 1 45 49 21 7 16 2 4 31
3 4 5 6 7 8 9 10 11 12 14 17 18 20 21 23 26:468:6 13 19 16 15 78 18 57 72 1 32 53 18 7 24 2 37
1 3 4 5 6 7 8 9 10 11 13 14 15 17 18 20 21 23 26:562:2 1 18 11 25 12 105 29 66 101 2 41 1 63 20 3 15 1 46
3 4 5 6 7 8 9 10 11 12 14 17 18 20 21 23 24 25 26:495:4 17 21 12 14 110 21 42 79 4 38 56 17 5 11 3 1 1 39
1 3 4 5 6 7 8 9 10 11 12 13 14 17 18 20 21 23 24 26:510:1 5 21 19 18 16 83 27 57 77 2 2 36 57 21 3 16 2 1 46
1 3 4 5 6 7 8 9 10 11 12 13 14 17 18 21 23 24 25 26:540:3 4 17 22 26 18 96 31 39 91 1 2 31 71 28 8 5 1 8 38
1 3 4 5 6 7 8 9 10 11 13 14 17 18 20 21 23 25 26:521:2 6 17 14 39 18 83 27 36 99 2 17 84 20 4 12 1 1 39
3 4 5 6 7 8 9 10 11 12 13 14 16 17 18 20 21 23 25 26:522:3 11 17 16 11 105 25 32 88 3 2 39 1 74 20 6 20 2 2 45
1 3 4 5 6 7 8 9 10 11 12 13 14 17 18 20 21 23 24 25 26:529:3 4 14 18 13 20 107 24 47 80 3 1 44 70 16 3 13 1 1 2 45
1 3 4 5 6 7 8 9 10 11 13 14 17 18 21 23 25 26:476:1 5 17 13 20 14 100 13 45 75 5 33 56 17 14 2 4 42
1 3 4 5 6 7 8 9 10 11 12 13 14 17 18 20 21 24 25 26:535:2 3 12 22 20 14 109 26 50 83 3 1 34 70 21 7 14 1 1 42
1 3 4 5 6 7 8 9 10 11 12 13 14 17 18 20 21 23 25 26:605:1 5 24 27 33 21 115 35 51 80 2 3 37 80 30 4 22 1 1 33
1 3 4 5 6 7 8 9 10 11 12 13 14 17 18 20 21 23 24 25 26:602:6 2 12 19 32 19 119 20 53 101 1 5 21 95 37 5 6 2 3 3 41
1 3 4 5 6 7 8 9 10 11 12 13 14 17 18 20 21 23 25 26:553:1 7 19 25 28 16 94 22 39 113 3 1 23 69 33 5 14 3 3 35
1 3 4 5 6 7 8 9 10 11 12 13 14 17 18 20 21 23 25 26:584:3 7 12 24 14 18 102 28 55 106 3 1 40 73 34 9 7 3 2 43
1 3 4 5 6 7 8 9 10 11 12 13 14 17 18 20 21 23 24 26:542:3 6 17 20 33 17 112 28 42 81 1 2 33 77 20 2 5 1 1 41
1 3 4 5 6 7 8 9 10 11 13 14 17 18 19 20 21 23 25 26:566:2 3 21 15 25 24 112 19 56 72 3 36 70 28 10 6 10 6 4 44
1 3 4 5 6 7 8 9 10 11 12 14 17 18 20 21 23 26:556:1 4 14 21 32 8 106 25 55 101 1 44 69 21 4 12 3 35
1 3 4 5 6 7 8 9 10 11 12 13 14 17 18 20 21 22 23 25 26:615:5 6 16 19 36 18 117 25 53 101 1 3 33 68 37 10 21 1 5 2 38
1 3 4 5 6 7 8 9 10 11 12 14 17 18 20 21 23 25 26:649:5 8 11 22 32 17 119 28 46 124 1 19 105 37 8 13 2 4 48
1 3 4 5 6 7 8 9 10 11 12 14 17 18 20 21 23 24 25 26:638:5 7 14 26 34 11 97 21 60 140 4 15 91 46 2 10 3 2 3 47
1 3 4 5 6 7 8 9 10 11 12 13 14 17 18 19 20 21 23 25 26:644:3 7 23 21 27 15 123 26 63 103 2 2 52 68 40 1 2 11 4 5 46
1 3 4 5 6 7 8 9 10 11 12 13 14 17 18 20 21 23 25 26:625:2 1 18 24 22 13 115 22 61 103 1 2 52 101 31 3 12 2 1 39
1 3 4 5 6 7 8 9 10 11 14 17 18 20 21 23 25 26:561:2 4 15 22 34 16 106 19 50 101 32 81 25 1 13 1 2 37
1 3 4 5 6 7 8 9 10 11 12 13 14 17 18 20 21 24 25 26:479:1 3 10 21 19 7 99 22 54 56 1 1 39 65 26 7 11 1 3 33
1 3 4 5 6 7 8 9 10 11 12 13 14 17 18 20 21 23 24 25 26:499:1 3 15 7 20 12 90 23 47 76 2 6 51 60 17 4 12 4 1 1 47
1 3 4 5 6 7 8 9 10 11 13 14 16 17 18 20 21 23 24 25 26:552:1 4 16 21 22 10 109 15 45 92 3 22 1 76 39 5 12 3 1 1 54
1 3 4 5 6 7 8 9 10 11 12 13 14 17 18 20 21 23 24 25 26:583:1 2 10 21 29 17 98 25 41 104 1 2 32 74 56 2 20 2 1 1 44
1 3 4 5 6 7 8 9 10 11 12 13 14 17 18 20 21 25 26:537:1 7 12 24 26 11 71 19 38 94 5 2 27 78 44 6 17 1 54
1 3 4 5 6 7 8 9 10 11 12 13 14 17 18 20 21 23 25 26:631:3 16 17 25 23 12 101 24 64 92 5 1 61 75 42 7 12 5 1 45
1 3 4 5 6 7 8 9 10 11 12 13 14 17 18 19 20 21 25 26:573:3 3 12 16 24 12 108 25 54 92 2 1 46 90 26 3 1 6 4 45
1 3 4 5 6 7 8 9 10 11 12 13 14 17 18 19 20 21 23 25 26:612:1 6 19 20 24 22 143 29 39 89 2 1 65 56 22 3 4 13 1 3 50
1 3 4 5 6 7 8 9 10 11 12 13 14 17 18 20 21 23 24 25 26:595:4 11 35 18 25 20 128 30 47 84 2 1 52 56 21 3 6 3 2 2 45
1 3 4 5 6 7 8 9 10 11 12 14 17 18 20 21 22 23 24 25 26:605:5 7 22 30 25 11 97 23 52 115 2 25 85 41 6 7 2 2 3 1 44
3 4 5 6 7 8 9 10 11 12 13 14 17 18 20 21 23 24 25 26:709:9 21 26 46 14 111 34 53 140 1 1 35 109 47 6 12 1 1 5 37
3 4 5 6 7 8 9 10 11 12 13 14 17 18 20 21 25 26:639:2 15 19 27 27 113 33 60 108 3 2 63 78 28 4 11 5 41
1 3 4 5 6 7 8 9 10 11 12 13 14 17 18 20 21 23 25 26:667:1 5 15 30 35 12 138 26 64 104 4 4 46 85 26 9 13 1 4 45
1 3 4 5 6 7 8 9 10 11 12 13 14 17 18 20 21 23 24 26:593:4 7 20 28 23 11 96 28 50 90 2 3 62 79 31 3 9 3 1 43
1 3 4 5 6 7 8 9 10 11 12 13 14 17 18 20 21 23 25 26:609:3 2 23 19 29 16 102 41 65 97 3 2 42 79 29 6 9 2 3 37
1 3 4 5 6 7 8 9 10 11 13 14 17 18 20 21 23 25 26:653:5 4 15 24 31 20 125 33 51 129 4 56 63 20 3 11 2 5 52
1 3 4 5 6 7 8 9 10 11 14 17 18 20 21 23 24 25 26:592:2 7 22 21 24 22 131 18 33 115 27 77 34 3 7 1 1 4 43
3 4 5 6 7 8 9 10 11 13 14 17 18 20 21 23 24 25 26:661:6 27 25 37 16 115 24 43 131 3 37 81 32 9 9 2 3 2 59
1 3 4 5 6 7 8 9 10 11 12 13 14 17 18 20 21 23 25 26:637:4 1 18 21 29 25 127 24 54 105 2 1 66 72 38 3 6 1 4 36
1 3 4 5 6 7 8 9 10 11 12 13 14 17 18 20 21 23 25 26:600:9 3 16 24 20 14 97 20 74 100 3 2 53 73 27 7 17 3 3 35
3 4 5 6 7 8 9 10 11 14 17 18 20 21 23 25 26:583:4 11 19 29 19 95 21 64 94 57 80 23 5 12 2 3 45
1 3 4 5 6 7 8 9 10 11 12 13 14 17 18 20 21 23 25 26:538:2 2 27 22 22 15 104 29 43 77 1 4 34 67 29 4 11 1 2 42
1 3 4 5 6 7 8 9 10 11 12 13 14 17 18 20 21 23 24 25 26:623:3 6 19 15 24 24 126 27 48 87 1 3 40 74 36 5 8 2 1 4 70
1 3 4 5 6 7 8 9 10 11 12 13 14 17 18 20 21 22 23 24 25 26:695:4 6 21 19 34 15 117 27 52 138 1 2 25 90 57 9 10 1 3 2 6 56
1 3 4 5 6 7 8 9 10 11 12 13 14 17 18 20 21 23 24 25 26:683:5 7 19 26 49 14 101 23 53 140 1 2 31 71 54 4 15 5 1 2 60
1 4 5 6 7 8 9 10 11 12 13 14 17 18 20 21 23 25 26:589:6 14 23 28 21 108 29 50 100 1 5 56 68 24 4 9 4 2 37
1 3 4 5 6 7 8 9 10 11 12 13 14 15 17 18 20 21 23 26:625:2 4 22 23 19 10 107 38 61 87 2 1 56 1 81 31 4 20 2 54
1 3 4 5 6 7 8 9 10 11 12 13 14 17 18 21 23 25 26:571:1 6 12 28 28 14 101 25 68 90 4 4 34 70 26 7 2 4 47
1 3 4 5 6 7 8 9 10 11 12 13 14 17 18 20 21 23 25 26:574:2 5 18 26 16 24 114 28 51 81 3 1 39 88 19 2 14 2 1 40
1 3 4 5 6 7 8 9 10 11 13 14 17 18 20 21 23 24 25 26:537:2 8 21 17 25 21 82 29 45 78 4 41 68 29 5 11 3 1 3 44
1 3 4 5 6 7 8 9 10 11 12 13 14 17 18 20 21 23 24 25 26:556:4 5 25 19 20 11 135 26 37 96 1 3 13 81 26 3 5 1 1 3 41
1 3 4 5 6 7 8 9 10 11 12 13 14 17 18 19 20 21 23 26:677:2 9 19 24 41 11 133 36 57 123 1 1 24 93 38 3 4 11 4 43
1 3 4 5 6 7 8 9 10 11 13 14 17 18 20 21 23 25 26:631:6 5 17 24 31 25 124 29 63 99 2 51 70 28 4 10 1 4 38
1 3 4 5 6 7 8 9 10 11 12 13 14 17 18 20 21 25 26:528:1 4 26 21 23 11 107 26 54 78 1 2 34 64 20 4 4 2 46
1 3 4 5 6 7 8 9 10 11 12 13 14 17 18 20 21 23 25 26:575:1 3 30 26 22 16 108 29 48 94 1 1 30 75 19 2 7 2 5 56
1 3 4 5 6 7 8 9 10 11 12 14 17 18 20 21 25 26:654:6 4 20 27 34 18 136 28 50 92 2 55 86 24 6 10 5 51
1 3 4 5 6 7 8 9 10 11 13 14 17 18 20 21 23 25 26:625:5 7 22 19 25 25 129 46 59 69 1 34 75 32 4 11 4 3 55
1 3 4 5 6 7 8 9 10 11 12 13 14 17 18 20 21 23 25 26:662:6 2 29 22 27 19 101 28 42 108 2 2 38 92 51 1 16 1 6 69
1 3 4 5 6 7 8 9 10 11 12 14 17 18 19 20 21 23 24 25 26:676:4 9 22 26 46 14 105 16 50 141 6 16 113 47 1 3 7 1 1 5 43
1 3 4 5 6 7 8 9 10 11 12 14 17 18 20 21 23 25 26:663:6 6 16 31 49 5 105 17 59 140 2 24 93 37 5 7 8 7 46
1 3 4 5 6 7 8 9 10 11 12 13 14 17 18 20 21 23 25 26:547:1 2 23 24 17 11 112 20 47 90 1 2 44 83 23 4 3 6 4 30
1 3 4 5 6 7 8 9 10 11 13 14 17 18 19 20 21 23 25 26:585:5 14 20 21 29 18 107 17 59 97 2 45 69 25 5 1 4 3 3 41
1 3 4 5 6 7 8 9 10 11 12 14 17 18 20 21 23 24 25 26:570:2 3 30 20 20 20 123 29 54 69 1 36 91 25 6 4 2 1 1 33
1 3 4 5 6 7 8 9 10 11 12 13 14 17 18 20 21 23 25 26:597:4 7 23 22 17 21 120 28 55 77 2 4 40 87 27 6 8 3 4 42
1 3 4 5 6 7 8 9 10 11 12 14 17 18 20 21 23 24 25 26:608:6 9 20 14 35 18 120 45 41 113 2 28 57 38 1 8 3 1 2 47
1 3 4 5 6 7 8 9 10 11 12 13 14 17 18 20 21 23 25 26:526:5 4 22 24 25 11 81 22 45 106 1 2 25 80 19 6 5 1 2 40
1 3 4 5 6 7 8 9 10 11 12 13 14 17 18 20 21 22 23 24 25 26:570:1 7 26 21 23 15 115 17 64 85 3 2 39 64 19 7 9 1 1 1 1 49
1 3 4 5 6 7 8 9 10 11 12 13 14 16 17 18 20 21 23 25 26:599:4 2 21 22 24 23 131 29 55 77 1 2 40 1 85 25 4 13 2 6 32
1 3 4 5 6 7 8 9 10 11 12 13 14 17 18 21 23 25 26:553:2 4 21 19 24 14 102 27 55 79 1 4 45 80 19 7 2 2 46
1 3 4 5 6 7 8 9 10 11 12 13 14 17 18 20 21 23 25 26:515:3 4 32 19 21 14 109 18 41 85 1 3 35 58 21 3 7 1 2 38
1 3 4 5 6 7 8 9 10 11 12 13 14 17 18 20 21 23 25 26:602:2 5 19 26 31 19 128 35 59 87 1 3 26 86 25 3 7 3 2 35
1 3 4 5 6 7 8 9 10 11 12 13 14 17 18 20 21 23 24 25 26:615:4 6 28 26 27 33 120 28 41 105 2 1 35 80 29 5 5 3 1 1 35
1 3 4 5 6 7 8 9 10 11 12 13 14 17 18 19 20 21 23 25 26:587:7 3 20 29 36 24 96 29 47 108 2 1 19 84 35 2 3 5 2 7 28
1 3 4 5 6 7 8 9 10 11 12 13 14 17 18 20 21 23 25 26:554:2 6 25 21 26 16 112 28 37 91 1 3 42 75 22 5 6 6 3 27
1 3 4 5 6 7 8 9 10 11 12 13 14 17 18 20 21 23 25 26:569:2 6 25 24 19 18 120 32 58 73 1 3 40 76 23 5 5 1 4 34
1 3 4 5 6 7 8 9 10 11 12 13 14 17 18 20 21 23 25 26:561:3 2 14 18 23 13 118 19 55 102 1 2 42 74 18 4 8 1 3 41
1 3 4 5 6 7 8 9 10 11 12 13 14 17 18 20 21 23 25 26:593:1 5 11 16 28 10 136 21 58 100 4 4 44 67 24 6 8 1 6 43
1 3 4 5 6 7 8 9 10 11 12 13 14 16 17 18 21 23 24 25 26:622:4 4 30 24 41 23 132 32 50 82 1 7 28 1 81 23 8 3 1 3 44
1 3 4 5 6 7 8 9 10 11 12 13 14 17 18 20 21 23 25 26:601:7 4 17 26 31 22 119 29 45 122 1 3 20 88 21 3 4 2 3 34
1 3 4 5 6 7 8 9 10 11 12 14 17 18 19 20 21 23 24 25 26:637:3 2 26 34 37 13 112 30 52 118 1 21 88 35 4 7 4 1 1 1 47
1 3 4 5 6 7 8 9 10 11 13 14 17 18 20 21 23 26:614:3 5 26 17 30 20 114 24 60 98 5 51 78 31 5 6 2 39
1 3 4 5 6 7 8 9 10 11 12 13 14 17 18 20 21 25 26:604:2 4 26 14 25 23 115 31 63 95 1 2 50 79 24 9 7 1 33
1 3 4 5 6 7 8 9 10 11 12 13 14 17 18 20 21 23 25 26:575:4 3 22 19 32 25 106 23 47 94 2 2 34 78 35 7 9 1 1 31
1 3 4 5 6 7 8 9 10 11 12 13 14 16 17 18 20 21 23 24 25 26:690:2 2 32 36 33 13 191 27 47 93 1 6 54 1 81 22 4 10 4 1 3 27
3 4 5 6 7 8 9 10 11 12 13 14 17 18 20 21 23 24 25 26:616:9 19 20 24 19 197 20 54 76 3 3 41 62 20 2 3 2 1 1 40
1 3 4 5 6 7 8 9 10 11 12 13 14 17 18 20 21 23 24 25 26:764:6 8 24 27 35 20 219 37 52 137 3 1 32 82 28 5 5 4 1 2 36
1 3 4 5 6 7 8 9 10 11 12 13 14 17 18 20 21 23 25 26:695:3 9 21 23 27 23 170 23 59 123 2 4 37 83 34 5 8 2 1 38
1 3 4 5 6 7 8 9 10 11 12 13 14 17 18 20 21 23 26:596:3 4 19 26 30 22 110 31 44 94 5 5 47 80 28 6 5 1 36
1 3 4 5 6 7 8 9 10 11 12 13 14 16 17 18 20 21 23 25 26:528:4 10 20 26 27 7 94 18 47 89 1 3 32 1 89 20 4 2 1 4 29
1 3 4 5 6 7 8 9 10 11 12 13 14 17 18 20 21 23 25 26:570:2 4 27 19 30 22 116 22 58 69 1 4 40 67 29 5 9 2 1 43
1 3 4 5 6 7 8 9 10 11 12 13 14 17 18 20 21 23 25 26:560:2 3 13 17 34 20 115 26 55 93 2 2 35 77 23 5 5 2 1 30
1 3 4 5 6 7 8 9 10 11 13 14 17 18 20 21 23 25 26:580:5 2 26 23 24 27 106 30 48 93 3 43 63 18 6 6 8 2 47
1 3 4 5 6 7 8 9 10 11 12 13 14 17 18 20 21 23 25 26:599:3 5 25 28 30 15 128 27 48 109 1 2 21 82 30 3 2 1 2 37
1 3 4 5 6 7 8 9 10 11 12 14 17 18 20 21 23 25 26:612:6 5 39 24 33 19 104 21 46 135 1 25 87 25 4 7 3 1 27
1 3 4 5 6 7 8 9 10 11 12 13 14 17 18 20 21 23 25 26:558:2 5 30 23 21 22 113 25 38 88 2 2 41 80 17 6 3 1 1 38
1 3 4 5 6 7 8 9 10 11 12 13 14 17 18 20 23 25 26:518:2 5 16 28 19 29 96 27 53 85 1 2 32 69 18 2 2 2 30
1 3 4 5 6 7 8 9 10 11 13 14 17 18 20 21 23 25 26:539:4 1 15 19 33 30 116 26 41 69 3 34 82 18 6 6 3 3 30
3 4 5 6 7 8 9 10 11 12 13 14 17 18 20 21 23 25 26:519:4 19 15 22 24 116 23 52 73 1 4 33 62 21 6 8 2 2 32
1 3 4 5 6 7 8 9 10 11 12 13 14 17 18 20 21 23 24 25 26:552:2 1 15 23 25 15 123 25 43 86 3 5 43 60 22 3 7 3 2 2 44
1 3 4 5 6 7 8 9 10 11 14 17 18 20 21 23 24 25 26:601:4 3 19 25 33 21 117 41 41 96 26 78 47 1 6 1 2 2 38
1 3 4 5 6 7 8 9 10 11 12 13 14 17 18 20 21 23 25 26:590:4 4 27 24 38 17 98 40 40 115 1 2 28 68 36 1 7 2 6 32
1 3 4 5 6 7 8 9 10 11 12 13 14 15 17 18 20 21 23 26:586:6 9 20 20 19 15 121 34 52 96 1 2 41 1 60 41 4 6 1 37
1 3 4 5 6 7 8 9 10 11 12 13 14 17 18 20 21 23 25 26:574:4 2 16 17 25 17 110 30 51 92 2 2 61 60 29 5 7 3 3 38
1 3 4 5 6 7 8 9 10 11 12 13 14 17 18 20 21 23 25 26:504:1 3 15 22 22 18 110 29 41 83 1 1 32 77 11 4 4 1 3 26
1 3 4 5 6 7 8 9 10 11 13 14 17 18 20 21 25 26:551:3 4 16 17 21 17 133 31 53 88 3 33 72 22 5 2 1 30
1 3 4 5 6 7 8 9 10 11 12 13 14 17 18 20 21 23 25 26:596:2 6 18 16 24 22 145 34 45 74 2 5 42 79 23 1 5 2 2 49
1 3 4 5 6 7 8 9 10 11 12 14 17 18 20 21 23 24 26:662:5 2 20 32 39 17 141 45 46 114 3 27 88 31 5 6 3 1 37
1 3 4 5 6 7 8 9 10 11 12 13 14 17 18 19 20 21 23 25 26:597:2 8 18 25 32 17 130 25 42 113 1 4 21 80 35 1 7 8 1 1 26
3 4 5 6 7 8 9 10 11 12 13 14 17 18 20 21 25 26:614:6 21 29 19 31 120 31 47 95 1 4 45 76 31 6 9 3 40
3 4 5 6 7 8 9 10 11 12 13 14 17 18 20 21 23 25 26:543:4 16 19 23 18 118 38 43 89 1 3 29 81 23 1 5 2 1 29
1 3 4 5 6 7 8 9 10 11 12 13 14 17 18 20 21 23 24 25 26:547:3 2 20 14 9 13 130 18 51 84 1 1 53 71 17 8 7 2 1 2 40
1 3 4 5 6 7 8 9 10 11 12 13 14 16 17 18 20 21 23 25 26:574:1 2 21 31 26 12 132 20 54 81 2 1 38 1 68 25 4 9 3 2 41
3 4 5 6 7 8 9 10 11 12 13 14 15 16 17 18 20 21 23 24 25 26:651:9 28 27 23 20 141 34 63 99 4 4 30 1 1 77 27 2 10 4 1 2 44
1 3 4 5 6 7 8 9 10 11 12 13 14 17 18 20 21 23 24 26:614:1 14 21 23 32 13 139 36 59 112 4 1 19 68 33 1 6 3 1 28
1 3 4 5 6 7 8 9 10 11 12 14 17 18 20 21 23 24 26:642:4 5 28 28 43 19 109 38 49 123 2 20 88 33 2 4 4 1 42
1 3 4 5 6 7 8 9 10 11 12 13 14 17 18 20 21 23 25 26:599:3 3 22 28 34 19 115 28 56 99 1 5 38 75 20 3 6 6 3 35
3 4 5 6 7 8 9 10 11 12 13 14 17 18 20 21 23 25 26:582:3 25 14 35 24 141 34 43 109 1 3 29 55 18 3 12 3 3 27
1 3 4 5 6 7 8 9 10 11 13 14 17 18 19 20 21 25 26:655:3 5 23 29 18 24 121 36 60 97 2 59 85 20 9 9 5 2 48
1 3 4 5 6 7 8 9 10 11 12 13 14 17 18 20 21 23 25 26:540:5 2 14 19 22 17 93 24 61 98 2 5 31 62 37 3 8 2 2 33
3 4 5 6 7 8 9 10 11 13 14 17 18 20 21 23 24 25 26:638:9 27 23 22 19 148 32 50 94 7 42 70 30 5 11 3 1 5 40
3 4 5 6 7 8 9 10 11 12 13 14 17 18 20 21 24 25 26:654:5 29 31 35 20 135 35 51 105 3 2 26 95 28 3 7 4 4 36
1 3 4 5 6 7 8 9 10 11 13 14 17 18 20 21 23 24 25 26:664:5 4 19 24 40 16 133 31 50 122 2 24 96 45 5 10 2 1 2 33
1 3 4 5 6 7 8 9 10 11 12 13 14 17 18 20 21 23 25 26:618:2 6 24 26 27 20 111 31 56 119 4 3 24 76 48 5 4 2 1 29
1 3 4 5 6 7 8 9 10 11 12 13 14 17 18 19 20 21 23 25 26:560:1 4 19 19 19 27 105 26 47 87 2 3 33 79 25 7 6 6 1 4 40
1 3 4 5 6 7 8 9 10 11 12 13 14 17 18 19 20 21 23 25 26:566:2 3 24 26 18 18 121 28 55 92 2 1 34 66 19 5 5 8 3 2 34
1 3 4 5 6 7 8 9 10 11 12 13 14 17 18 20 21 23 24 25 26:595:1 6 25 14 31 27 116 25 62 102 1 2 42 59 28 6 5 1 1 4 37
1 3 4 5 6 7 8 9 10 11 12 13 14 17 18 20 21 23 24 25 26:660:6 8 18 25 34 15 143 38 62 105 1 3 32 75 24 1 10 3 5 6 46
1 3 4 5 6 7 8 9 10 11 13 14 17 18 20 21 23 24 25 26:650:4 8 28 32 33 24 121 38 46 110 1 28 80 40 4 6 3 2 1 41
1 3 4 5 6 7 8 9 10 11 12 14 17 18 20 21 23 25 26:660:3 4 32 29 36 19 114 32 61 119 2 21 94 40 5 5 2 1 41
1 3 4 5 6 7 8 9 10 11 12 13 14 17 18 20 21 23 25 26:670:3 6 35 26 31 25 134 35 62 109 1 4 43 70 27 10 8 1 2 38
1 3 4 5 6 7 8 9 10 11 12 13 14 17 18 20 21 25 26:626:2 4 14 33 23 25 113 27 67 94 2 1 33 83 33 6 11 2 53
1 3 4 5 6 7 8 9 10 11 13 14 16 17 18 20 21 23 25 26:640:4 3 29 19 26 24 148 25 51 97 2 53 1 76 20 3 5 1 3 50
1 3 4 5 6 7 8 9 10 11 12 13 14 17 18 20 21 23 25 26:661:2 7 23 23 35 27 139 31 62 111 2 2 41 80 17 2 2 2 5 48
1 3 4 5 6 7 8 9 10 11 12 13 14 17 18 20 21 25 26:615:5 2 28 31 33 18 126 38 53 103 1 1 28 74 30 7 5 1 31
1 3 4 5 6 7 8 9 10 11 12 13 14 17 18 20 21 23 24 25 26:647:5 3 28 15 35 22 129 29 54 120 2 4 23 97 29 3 4 1 2 4 38
1 3 4 5 6 7 8 9 10 11 12 14 17 18 20 21 22 25 26:700:3 4 37 37 34 17 124 47 53 132 3 29 100 27 5 9 1 6 32
1 3 4 5 6 7 8 9 10 11 12 13 14 17 18 20 21 23 25 26:634:2 1 36 27 22 24 123 41 53 95 1 2 42 77 28 6 4 1 3 46
1 3 4 5 6 7 8 9 10 11 12 13 14 17 18 20 21 23 25 26:606:2 3 23 13 27 26 147 35 65 83 1 2 35 62 26 8 3 2 2 41
1 3 4 5 6 7 8 9 10 11 12 13 14 17 18 20 21 23 25 26:612:1 4 37 23 23 30 135 37 56 67 2 3 37 69 16 3 12 2 9 46
1 3 4 5 6 7 8 9 10 11 12 13 14 17 18 20 21 23 25 26:600:4 4 18 18 19 22 158 36 64 86 3 1 29 66 21 4 7 1 3 36
1 3 4 5 6 7 8 9 10 11 12 13 14 17 18 19 20 21 24 25 26:579:4 6 21 18 22 23 136 38 37 99 2 1 26 65 29 1 1 7 1 8 34
1 3 4 5 6 7 8 9 10 11 12 13 14 17 18 20 21 23 24 25 26:627:3 7 25 22 32 23 141 38 45 88 1 1 36 71 35 4 14 3 3 5 30
1 3 4 5 6 7 8 9 10 11 13 14 17 18 20 21 23 24 25 26:608:4 7 32 26 41 24 102 35 47 110 1 17 76 30 2 8 2 1 5 38
1 3 4 5 6 7 8 9 10 11 12 13 14 16 17 18 20 21 23 24 25 26:610:8 6 24 31 18 21 122 35 63 94 3 2 40 1 66 15 6 7 3 1 1 43
1 3 4 5 6 7 8 9 10 11 12 13 14 17 18 20 21 23 25 26:651:4 3 32 21 30 19 125 36 64 93 3 2 37 91 24 5 13 1 4 44
1 3 4 5 6 7 8 9 10 11 13 14 17 18 20 21 23 25 26:634:1 5 25 19 26 27 142 31 64 100 4 37 70 20 6 9 1 5 42
1 3 4 5 6 7 8 9 10 11 12 13 14 17 18 20 21 23 24 25 26:594:1 4 25 13 28 19 127 38 44 93 2 6 37 59 14 5 13 3 2 1 60
1 3 4 5 6 7 8 9 10 11 12 13 14 17 18 20 21 23 24 25 26:731:3 5 35 21 24 27 161 35 55 94 2 7 66 86 37 15 8 2 1 1 46
1 3 4 5 6 7 8 9 10 11 12 13 14 17 18 20 21 23 24 25 26:691:3 6 33 25 33 33 151 53 43 111 2 3 29 73 33 1 16 2 2 1 38
1 3 4 5 6 7 8 9 10 11 12 13 14 17 18 20 21 23 24 25 26:673:2 5 35 32 29 13 140 46 53 122 1 2 23 85 33 3 3 1 2 6 37
1 3 4 5 6 7 8 9 10 11 13 14 17 18 20 21 23 24 25 26:609:3 3 17 31 29 15 106 42 61 98 3 27 80 31 2 14 2 1 5 39
1 3 4 5 6 7 8 9 10 11 12 13 14 17 18 20 21 24 25 26:620:1 3 25 18 24 24 150 40 70 81 2 2 35 74 14 5 11 1 3 37
3 4 5 6 7 8 9 10 11 12 13 14 17 18 20 21 25 26:632:9 27 21 24 22 123 30 66 102 1 3 45 76 30 5 15 1 32
1 3 4 5 6 7 8 9 10 11 12 13 14 17 18 20 21 23 25 26:564:3 6 21 23 21 30 99 45 49 87 1 4 24 71 18 9 14 1 1 37
1 3 4 5 6 7 8 9 10 11 12 13 14 16 17 18 20 21 23 24 25 26:619:1 4 28 27 27 16 135 23 61 96 2 4 32 1 74 23 6 16 4 1 2 36
1 3 4 5 6 7 8 9 10 11 13 14 17 18 20 21 22 23 25 26:636:1 8 23 29 32 27 132 43 38 104 2 25 73 36 2 11 1 1 4 44
1 3 4 5 6 7 8 9 10 11 12 13 14 17 18 20 21 23 26:624:2 7 20 21 32 17 121 34 53 136 1 4 16 78 27 2 5 1 47
1 3 4 5 6 7 8 9 10 11 12 13 14 17 18 20 21 23 25 26:550:1 2 27 12 18 22 116 38 39 101 3 1 22 60 26 8 10 2 2 40
1 4 5 6 7 8 9 10 11 12 13 14 17 18 20 21 23 25 26:615:1 34 15 29 29 121 32 65 94 2 4 27 77 24 7 10 2 3 39
1 3 4 5 6 7 8 9 10 11 12 13 14 17 18 20 21 23 25 26:592:2 5 20 22 22 20 134 32 54 89 1 3 36 84 16 3 9 2 3 35
1 3 4 5 6 7 8 9 10 11 12 13 14 17 18 20 21 23 25 26:588:3 5 27 24 19 25 124 34 60 106 1 5 30 55 18 1 9 3 2 37
1 3 4 5 6 7 8 9 10 11 12 13 14 17 18 21 22 23 24 25 26:609:1 4 32 16 22 29 152 35 61 88 1 3 28 66 14 5 1 3 2 3 43
1 3 4 5 6 7 8 9 10 11 12 14 17 18 20 21 23 25 26:581:1 8 23 19 12 24 118 31 44 113 1 30 88 23 1 5 4 2 34
1 3 4 5 6 7 8 9 10 11 12 14 17 18 20 21 23 24 25 26:614:4 5 16 31 28 24 129 36 53 117 3 27 73 25 4 8 2 1 2 26
1 3 4 5 6 7 8 9 10 11 12 13 14 17 18 20 21 23 24 25 26:610:5 5 32 12 25 26 118 39 48 90 3 7 33 73 26 7 6 2 1 4 48
1 3 4 5 6 7 8 9 10 11 13 14 17 18 21 23 25 26:537:3 2 27 22 35 21 134 28 43 74 2 28 58 14 7 1 4 34
1 3 4 5 6 7 8 9 10 11 12 13 14 17 18 20 21 23 25 26:582:2 2 21 27 24 22 130 22 46 112 1 4 36 61 20 1 11 2 6 32
1 3 4 5 6 7 8 9 10 11 12 13 14 17 18 20 21 22 23 25 26:609:3 2 20 23 22 29 138 36 53 88 3 6 34 65 20 3 6 1 3 4 50
1 3 4 5 6 7 8 9 10 11 12 13 14 17 18 20 21 23 24 25 26:588:1 3 28 16 23 21 149 32 45 88 2 2 26 83 20 10 6 2 1 2 28
1 3 4 5 6 7 8 9 10 11 12 13 14 17 18 20 21 23 24 25 26:630:1 3 38 18 23 28 142 39 43 107 1 6 25 80 36 1 4 1 2 1 31
1 3 4 5 6 7 8 9 10 11 13 14 17 18 20 21 23 26:474:1 4 25 8 21 20 92 45 35 86 1 15 54 21 1 10 1 34
1 3 4 5 6 7 8 9 10 11 12 13 14 17 18 20 21 23 25 26:564:2 2 22 23 21 24 146 34 48 79 2 2 24 69 17 3 9 1 1 35
1 3 4 5 6 7 8 9 10 11 12 13 14 17 18 20 21 23 25 26:610:1 1 23 13 28 21 161 46 56 72 1 7 24 67 33 3 9 3 1 40
1 3 4 5 6 7 8 9 10 11 12 13 14 16 17 18 20 21 23 25 26:587:2 8 31 18 18 28 138 39 51 87 1 2 28 1 56 19 6 7 1 2 44
1 3 4 5 6 7 8 9 10 11 12 13 14 17 18 20 21 23 25 26:573:2 5 34 19 22 31 128 36 48 79 1 4 30 55 25 8 6 1 4 35
3 4 5 6 7 8 9 10 11 12 13 14 17 18 20 21 24 25 26:590:5 32 21 25 30 125 52 45 84 2 3 31 65 16 4 5 1 3 41
1 3 4 5 6 7 8 9 10 11 12 14 17 18 20 21 23 24 25 26:603:3 4 36 23 31 23 136 33 47 95 2 20 60 29 3 9 2 3 4 40
1 3 4 5 6 7 8 9 10 11 13 14 17 18 20 21 23 25 26:635:3 5 30 22 38 35 115 36 23 132 2 12 94 29 5 14 3 3 34
1 3 4 5 6 7 8 9 10 11 13 14 17 18 20 21 23 25 26:572:2 5 33 16 19 19 115 28 48 86 6 25 77 28 5 6 2 2 50
1 3 4 5 6 7 8 9 10 11 12 13 14 17 18 20 21 25 26:589:2 2 33 23 19 25 120 38 53 92 2 3 37 62 19 7 9 4 39
1 3 4 5 6 7 8 9 10 11 13 14 16 17 18 20 21 23 24 25 26:568:2 3 28 18 18 21 132 35 56 101 4 27 1 64 19 4 8 2 1 2 22
1 3 4 5 6 7 8 9 10 11 12 13 14 17 18 20 21 25 26:558:1 3 26 25 16 27 96 42 58 86 2 4 33 61 26 5 12 2 33
1 3 4 5 6 7 8 9 10 11 12 13 14 15 17 18 20 21 23 24 26:552:3 3 29 19 23 26 117 27 47 73 4 1 21 1 78 26 3 14 3 3 31
1 3 4 5 6 7 8 9 10 11 12 14 17 18 20 21 23 24 25 26:615:3 4 39 15 25 23 138 31 37 98 3 21 100 24 1 9 3 2 1 38
1 3 4 5 6 7 8 9 10 11 12 14 17 18 19 20 21 23 25 26:623:8 8 33 16 29 25 111 42 45 106 2 15 101 29 1 2 9 2 1 38
1 3 4 5 6 7 8 9 10 11 12 13 14 17 18 20 21 23 25 26:633:2 4 32 24 29 28 131 26 66 87 1 4 27 86 23 7 3 4 1 48
1 3 4 5 6 7 8 9 10 11 13 14 17 18 20 21 23 25 26:606:6 12 21 27 18 26 136 33 51 73 1 28 82 22 7 7 2 5 49
1 3 4 5 6 7 8 9 10 11 12 13 14 16 17 18 20 21 24 25 26:589:1 3 24 22 15 23 147 31 52 87 2 4 27 1 85 17 7 8 1 1 31
1 3 4 5 6 7 8 9 10 11 13 14 17 18 20 21 23 24 25 26:550:1 4 25 25 22 35 124 45 34 68 2 23 64 24 5 10 2 1 2 34
1 3 4 5 6 7 8 9 10 11 13 14 17 18 20 21 23 24 25 26:524:1 2 24 12 13 28 123 45 43 60 5 28 59 20 2 11 3 1 2 42
1 3 4 5 6 7 8 9 10 11 13 14 17 18 20 21 23 24 25 26:573:4 4 24 23 28 22 127 33 44 74 1 17 74 36 2 12 2 4 3 39
1 3 4 5 6 7 8 9 10 11 12 14 17 18 20 21 23 24 25 26:555:1 6 38 24 20 17 118 32 47 81 2 11 73 32 3 9 1 3 2 35
1 3 4 5 6 7 8 9 10 11 12 13 14 17 18 20 21 23 25 26:547:3 3 37 21 10 24 101 45 49 75 2 7 26 71 20 4 9 1 2 37
1 3 4 5 6 7 8 9 10 11 12 13 14 17 18 20 21 23 25 26:563:1 6 14 21 26 23 138 32 52 72 2 2 36 66 28 10 12 1 1 20
1 3 4 5 6 7 8 9 10 11 13 14 17 18 20 21 23 24 25 26:500:2 8 18 7 14 18 117 34 37 68 2 37 55 22 7 12 2 1 2 37
3 4 5 6 7 8 9 10 11 12 13 14 17 18 20 21 23 25 26:548:2 22 17 19 34 109 38 42 86 2 3 32 56 23 6 13 2 2 40
1 3 4 5 6 7 8 9 10 11 12 13 14 17 18 20 21 22 24 25 26:549:3 4 21 23 20 25 125 43 39 93 1 3 24 63 18 3 4 1 1 2 33
1 3 4 5 6 7 8 9 10 11 12 13 14 17 18 21 23 24 25 26:578:2 2 22 15 23 23 128 32 40 96 1 3 25 82 27 16 3 1 3 34
1 3 4 5 6 7 8 9 10 11 14 17 18 20 21 23 24 25 26:548:1 5 37 21 29 20 88 47 44 106 9 75 22 3 3 1 2 4 31
1 3 4 5 6 7 8 9 10 11 12 13 14 16 17 18 20 21 25 26:503:2 4 21 16 24 29 103 23 47 81 2 7 18 1 55 19 8 5 1 37
1 3 4 5 6 7 8 9 10 11 12 13 14 17 18 20 21 23 25 26:468:2 6 24 13 23 30 107 28 27 67 1 4 20 51 19 3 7 2 2 32
1 3 4 5 6 7 8 9 10 11 12 13 14 17 18 20 21 25 26:543:3 3 19 15 18 22 145 34 46 83 1 3 26 58 19 1 11 3 33
3 4 5 6 7 8 9 10 11 12 13 14 17 18 20 21 23 26:388:1 20 17 19 20 52 26 34 87 1 1 3 66 11 1 3 4 22
1 3 4 5 6 7 8 9 10 11 12 13 14 17 18 20 21 23 24 25 26:488:1 3 24 16 19 21 109 24 30 74 1 3 28 59 28 3 8 3 1 4 29
1 3 4 5 6 7 8 9 10 11 12 13 14 17 18 20 21 23 24 25 26:511:2 5 28 8 21 23 119 46 40 68 2 3 14 60 32 1 5 6 2 1 25
1 3 4 5 6 7 8 9 10 11 12 13 14 17 18 20 21 23 24 25 26:539:2 3 22 24 24 13 85 27 54 111 1 1 14 74 25 2 7 4 4 3 39
1 3 4 5 6 7 8 9 10 11 12 13 14 17 18 20 21 23 25 26:539:1 3 21 19 19 29 125 38 44 81 2 6 23 58 23 3 6 3 3 32
3 4 5 6 7 8 9 10 11 12 13 14 17 18 20 21 23 25 26:513:2 26 17 21 24 126 35 46 78 1 3 19 38 23 4 13 1 5 31
1 3 4 5 6 7 8 9 10 11 12 13 14 17 18 20 21 23 25 26:550:3 1 32 21 22 19 110 46 57 79 2 6 26 55 15 4 13 3 4 32
1 3 4 5 6 7 8 9 10 11 12 13 14 17 18 20 21 23 25 26:558:2 10 31 27 19 26 89 34 61 90 1 2 16 61 23 8 14 2 2 40
1 3 4 5 6 7 8 9 10 11 12 13 14 17 18 20 21 23 25 26:592:3 7 32 24 22 25 119 52 54 97 2 4 15 59 28 4 6 2 5 32
1 3 4 5 6 7 8 9 10 11 12 13 14 16 17 18 20 21 24 25 26:525:4 4 40 16 25 26 104 35 33 79 2 4 11 1 59 32 5 7 1 6 31
